1941
1972
1942
1980
1952
1939
1962
1993
1958
1939
1931
1956
1977
1960
1968
1950
1967
1927
1954
1946
1974
1959
1940
1982
1962
1939
1952
1950
1944
1979
1941
1974
1975
1937
1977
1957
1946
1948
1964
1965
1933
1967
1969
1940
1953
1934
1951
1954
1916
2001
1961
1976
1978
1970
1959
1975
1976
1925
1975
1933
1941
1973
1972
1976
1951
1981
1966
1992
1982
1971
1998
1994
1969
1991
1967
1994
1976
1936
1969
1960
1960
1927
1997
1969
1935
1986
1957
1938
1999
1936
1982
1990
1971
1994
1971
1989
1982
1942
1995
1959
